DateTime,Entries,UniqueIPs
1593337450,3032,3064
1593428167,3069,3099
1593519370,3088,3126
1593610114,3185,3221
1593689556,3225,3263
1593711611,3628,3670
1593761053,3622,3666
1593802120,4007,4057
1593893777,4070,4117
1593985210,4048,4095
1594013051,4465,4521
1594104492,4403,4458
1594196174,4497,4545
1594287616,4364,4418
1594356727,3862,3928
1594373538,3834,3898
1594376918,4160,4229
1594468565,4116,4187
1594560256,3979,4053
1594651718,3527,3590
1594743615,3520,3588
1594824251,3443,3519
1594916443,3537,3611
1595008330,2949,3001
1595099536,2961,3015
1595191222,3054,3103
1595282648,3112,3163
1595373854,3114,3167
1595423556,3115,3168
1595481163,3074,3126
1595572601,3034,3088
1595664038,3145,3189
1595755930,3146,3196
1595848102,3080,3134
1595939801,3015,3063
1596032171,2618,2658
1596033137,3023,3075
1596120742,3036,3081
1596211965,3058,3109
1596298841,2945,3009
1596389770,2993,3063
1596480490,2995,3070
1596572005,2970,3045
1596659292,2973,3045
1596750011,2907,2985
1596844327,2963,3036
1596935051,2927,2993
1597032760,2855,2907
1597126123,2870,2913
1597217290,2900,2939
1597308492,3017,3055
1597405452,3148,3181
1597492599,3063,3103
1597580199,3058,3100
1597669240,3078,3115
1597760176,3062,3103
1597770039,3414,3463
1597857606,3357,3409
1597950038,3219,3280
1598041933,3172,3239
1598133366,3198,3269
1598192172,3290,3358
1598283611,3327,3390
1598375300,3012,3070
1598467710,3017,3068
1598559634,3058,3112
1598651666,2981,3035
1598672161,2982,3036
1598744409,2998,3050
1598760729,3346,3414
1598773473,3718,3796
1598790967,4090,4181
1598812807,4086,4187
1598905003,4081,4182
1598997887,4057,4149
1599089077,4200,4280
1599181453,4143,4220
1599249613,4640,4720
1599271724,4303,4364
1599282758,4757,4823
1599374196,4581,4615
1599465618,3817,3835
1599479530,4265,4291
1599548170,4228,4261
1599575797,4608,4649
1599655480,4689,4730
1599656427,5098,5144
1599669421,5536,5586
1599761357,5470,5519
1599802808,5517,5561
1599894755,4986,5028
1599985935,4985,5028
1600077642,4867,4915
1600168811,4581,4611
1600260967,4219,4251
1600352201,3757,3789
1600442889,3299,3331
1600534350,3185,3221
1600625834,3072,3113
1600717689,3063,3110
1600808446,2893,2954
1600899612,2959,3019
1600991315,3019,3074
1601082491,3002,3057
1601174197,3034,3094
1601266114,3097,3150
1601293717,3571,3628
1601386085,3605,3655
1601477527,3609,3662
1601568519,3555,3606
1601637126,3490,3550
1601728327,3421,3489
1601820040,3505,3572
1601911217,2992,3065
1602002413,3086,3152
1602093874,3015,3083
1602184805,2945,3014
1602276728,2974,3043
1602367958,3006,3079
1602458887,3040,3107
1602549612,3149,3203
1602577451,3600,3663
1602668408,3543,3616
1602759852,3649,3711
1602850841,3681,3732
1602941532,3700,3753
1603032730,3726,3767
1603124170,3725,3769
1603215610,3265,3306
1603306333,3252,3297
1603398036,3294,3329
1603489447,3337,3369
1603580500,3362,3384
1603671610,3333,3360
1603762358,3321,3352
1603853527,3251,3297
1603944729,3194,3239
1604035953,3097,3141
1604127161,3038,3084
1604218355,3056,3097
1604309287,3032,3066
1604400249,3038,3080
1604491216,3090,3132
1604582408,3076,3132
1604674115,3098,3153
1604764570,3074,3132
1604855799,3087,3145
1604946258,3072,3135
1605037210,3107,3172
1605129397,3066,3136
1605219876,3098,3166
1605311557,3138,3207
1605402756,3148,3209
1605492971,3139,3202
1605584408,3087,3159
1605675370,3101,3166
1605766357,3144,3211
1605858249,3093,3159
1605949237,3108,3172
1606039930,3193,3248
1606130912,3192,3247
1606222330,3308,3333
1606314294,3263,3298
1606405703,3169,3204
1606496482,3194,3230
1606587373,3243,3281
1606678401,3235,3276
1606769290,3151,3215
1606848488,3080,3142
1606882355,3561,3625
1606973291,3706,3760
1606975452,4152,4210
1607065956,4195,4246
1607157366,4256,4298
1607248334,4177,4284
1607339053,4068,4180
1607429559,4153,4248
1607520966,3720,3811
1607611928,3277,3363
1607703612,3264,3347
1607794573,3176,3259
1607885804,3228,3243
1607976786,3272,3287
1608068194,3276,3289
1608160098,3220,3236
1608250568,3119,3141
1608341289,3161,3183
1608432516,3174,3197
1608523238,3118,3144
1608614444,3120,3150
1608705853,3018,3057
1608797290,3137,3170
1608888492,3209,3239
1608979691,3215,3240
1609070695,3256,3282
1609161399,3317,3337
1609252331,3331,3347
1609343808,3287,3305
1609435225,3110,3134
1609526413,2987,3017
1609617365,2946,2976
1609708339,2829,2862
1609798651,2839,2870
1609889770,2774,2808
1609980731,2807,2845
1610071695,2814,2848
1610163129,2785,2827
1610253416,2826,2871
1610345334,2944,2989
1610436732,2862,2904
1610527953,3007,3044
1610619369,3037,3065
1610711768,3035,3069
1610802972,3180,3204
1610894410,3200,3227
1610986334,3260,3280
1611078046,3267,3290
1611169030,3210,3240
1611260410,3146,3178
1611351918,3117,3154
1611443528,3029,3066
1611534735,2953,2991
1611627166,2795,2834
1611719054,2856,2899
1611810972,2729,2774
1611902430,2647,2700
1611993654,2729,2783
1612084650,2720,2773
1612176295,2901,2952
1612268460,2902,2959
1612359369,2939,2995
1612451114,2976,3022
1612530258,2992,3029
1612622209,2896,2935
1612713391,2887,2937
1612804807,2793,2851
1612895929,2888,2938
1612987934,2839,2895
1613078926,2912,2967
1613170368,3054,3096
1613261567,3091,3135
1613352732,3188,3229
1613444171,3129,3184
1613535892,3165,3222
1613627572,3137,3205
1613718029,3187,3254
1613809707,3174,3242
1613901164,3221,3288
1613992849,3152,3223
1614084544,3213,3268
1614176219,3195,3247
1614267850,3218,3275
1614358859,3223,3282
1614450252,3217,3283
1614541690,3218,3288
1614634128,3260,3324
1614724601,3254,3314
1614816735,3232,3306
1614908440,3229,3298
1614999431,3263,3313
1615092282,3279,3326
1615186110,3267,3321
1615278731,3319,3361
1615370702,3327,3369
1615461376,3101,3137
1615553529,2888,2913
1615644970,2651,2675
1615735935,2442,2454
1615827856,2198,2208
1615918589,1931,1943
1616009307,1689,1700
1616100485,1693,1702
1616192171,1682,1696
1616283130,1692,1703
1616375058,1665,1682
1616466253,1651,1670
1616557687,1642,1662
1616616783,1626,1648
1616658252,1848,1874
1616662343,2063,2090
1616665224,2267,2299
1616667626,2500,2534
1616669065,2718,2758
1616671222,2918,2959
1616673387,3118,3165
1616675544,3318,3367
1616677705,3525,3576
1616679384,3735,3788
1616681542,3918,3985
1616683706,4129,4199
1616775609,4126,4196
1618055288,249,250
1618329367,970,975
1618420810,1200,1207
1618512010,1411,1422
1618603224,1621,1637
1618695128,1635,1649
1618787549,1624,1644
1618879210,1627,1643
1618971148,1638,1650
1619062327,1638,1653
1619154043,1633,1646
1619245210,1633,1646
1619336651,1620,1635
1619428114,1641,1655
1619519527,1648,1659
1619611236,1641,1654
1619703386,1645,1655
1619794859,1656,1666
1619886024,1640,1652
1619977949,1638,1649
1620069391,1635,1648
1620160085,1630,1645
1620252255,1626,1644
1620343213,1618,1636
1620435149,1625,1645
1620527048,1608,1631
1620618733,1612,1636
1620710165,1608,1634
1620802089,1603,1632
1620893292,1608,1629
1620984013,1619,1635
1621075927,1623,1636
1621168352,1624,1638
1621259529,1627,1637
1621350967,1621,1631
1621455155,1644,1651
1621547054,1635,1646
1621640414,1644,1654
1621734036,1643,1654
1621826173,1647,1659
1621917852,1638,1651
1622010013,1654,1665
1622102414,1636,1648
1622196046,1651,1663
1622288176,1666,1679
1622381099,1672,1683
1622473936,1683,1693
1622565876,1682,1692
1622658734,1676,1687
1622750932,1671,1684
1622844989,1667,1674
1622938572,1658,1668
1623033151,1653,1665
1623128431,1664,1674
1623221792,1677,1689
1623315654,1677,1690
1623409961,1670,1684
1623502355,1664,1679
1623595961,1659,1676
1623688333,1653,1676
1623780020,1627,1657
1623872414,1624,1655
1623964826,1633,1661
1624057947,1640,1659
1624150823,1647,1670
1624242509,1657,1676
1624334678,1669,1686
1624426105,1681,1698
1624518731,1675,1689
1624610887,1663,1681
1624702585,1663,1675
1624794254,1662,1677
1624886413,1675,1689
1624977852,1677,1690
1625069300,1691,1700
1625161212,1700,1712
1625252191,1700,1710
1625311450,1700,1711
1625403621,1711,1718
1625495768,1701,1710
1625587461,1691,1706
1625679619,1684,1701
1625772489,1678,1692
1625864417,1684,1695
1625956087,1666,1681
1626047766,1673,1686
1626139213,1658,1673
1626230429,1677,1687
1626322358,1650,1665
1626414029,1647,1665
1626506411,1649,1665
1626598092,1672,1683
1626690028,1672,1683
1626782172,1665,1676
1626874330,1639,1652
1626967451,1650,1663
1627059149,1647,1661
1627151530,1632,1648
1627243474,1608,1626
1627335379,1630,1649
1627426839,1648,1665
1627518734,1647,1662
1627609711,1638,1659
1627701854,1663,1681
1627794751,1669,1690
1627887131,1659,1684
1627977874,1665,1687
1628069055,1661,1684
1628160726,1666,1686
1628252662,1677,1693
1628344568,1689,1702
1628436017,1689,1703
1628527932,1699,1715
1628619612,1694,1712
1628712277,1681,1696
1628803695,1658,1671
1628895880,1627,1643
1628988015,1601,1615
1629079463,1576,1590
1629170902,1532,1547
1629204743,1734,1750
1629208105,1911,1930
1629211454,2114,2138
1629214570,2303,2329
1629217948,2509,2536
1629220570,2709,2739
1629223458,2920,2950
1629226570,2902,2941
1629229466,3060,3104
1629232587,3272,3320
1629236187,3416,3473
1629239065,3609,3669
1629242409,3762,3826
1629245546,3948,4021
1629247448,4145,4226
1629249130,4298,4382
1629252501,4452,4539
1629255631,4612,4706
1629258967,4755,4859
1629350435,4754,4858
1629443531,4819,4923
1629536186,4846,4947
1629628089,4830,4937
1629719528,4835,4942
1629811467,4752,4855
1629903137,1674,1688
1629929543,1886,1907
1629988572,1892,1912
1630002267,2113,2136
1630015943,2330,2355
1630050252,2335,2376
1630051931,2391,2626
1630055785,2472,2876
1630073531,2721,3126
1630077631,2722,3127
1630095133,2946,3353
1630097297,3153,3563
1630111462,3361,3779
1630120342,3566,3987
1630129214,3784,4205
1630146975,3832,4255
1630153944,4034,4464
1630164990,4232,4670
1630178666,4414,4858
1630212748,4619,5069
1630218507,4813,5271
1630246570,4819,5277
1630296488,5014,5474
1630318333,5202,5672
1630340649,5172,5643
1630399712,5358,5836
1630401864,5532,6012
1630409788,5677,6166
1630489708,5626,6111
1630548736,5407,5888
1630590250,5562,6052
1630682655,4555,4649
1630774338,3141,3205
1630866251,2539,2580
1630957455,2146,2180
1631049372,1785,1811
1631140586,1773,1806
1631232730,1582,1611
1631323928,1549,1583
1631415619,1572,1602
1631508503,1586,1609
1631600650,1593,1620
1631692094,1599,1627
1631784010,1623,1643
1631875456,1645,1660
1631967851,1667,1679
1632060507,1645,1658
1632152187,1635,1652
1632243386,1644,1659
1632335778,1670,1683
1632415448,1660,1679
1632507372,1650,1672
1632600518,1628,1657
1632692668,1613,1644
1632772571,1626,1652
1632776184,1828,1856
1632782665,2013,2045
1632789272,2170,2219
1632880814,2153,2203
1632973475,2148,2197
1633065631,2139,2184
1633158260,2125,2175
1633249718,2140,2188
1633341131,2165,2208
